 % Spectral simulation Chan180_S2
 % 
 % Paper: "Comparison of DNS databases of turbulent channel flow
 %         at Re_tau=180" by A.W. Vreman and J.G.M. Kuerten
 % 
 % Parameters:     H=1; nu=1/180; forcing=1
 % Domain:         4pi x  2  x 4pi/3
 % Resolution:     384 x 193 x 192
 % Averaging time: 200
 % Computed u_tau: 0.99990
 % 
 % Creation date of this datafile: 31th August 2013
 % 
 % Column 1: y+ (=180*y)
 % Column 2: Production           -2<u'v'>d<u>/dy
 % Column 3: Pressure strain       2<p'du'/dx>
 % Column 4: Dissipation          -2nu<|grad u'|^2>
 % Column 5: Turbulent diffusion  -d<u'u'v'>/dy
 % Column 6: Pressure diffusion    0
 % Column 7: Viscous diffusion     nu*d^2 <u'u'>/dy^2
 % Column 8: Balance (sum)
  2.40951762792E-02  3.75528681746E-06  1.43891971050E-02 -4.89255176961E+01 -2.70102953868E-06  0.00000000000E+00  4.89111400027E+01  1.25580027017E-05
  9.63742542534E-02  2.41214945224E-04  5.44557330999E-02 -4.88490613200E+01  3.79003371279E-04  0.00000000000E+00  4.87940007014E+01  1.53329045958E-05
  2.16817883069E-01  2.76411412916E-03  1.11219078049E-01 -4.87496169629E+01  4.21404134355E-03  0.00000000000E+00  4.86314915012E+01  7.17718382433E-05
  3.85393817052E-01  1.56561319645E-02  1.70791396755E-01 -4.86575325591E+01  2.37457248260E-02  0.00000000000E+00  4.84472856598E+01 -5.36457425753E-05
  6.02056924348E-01  6.02930456742E-02  2.15954001210E-01 -4.85978390054E+01  9.04622624329E-02  0.00000000000E+00  4.82309878533E+01 -1.41842782043E-04
  8.66749199004E-01  1.81818027105E-01  2.28188854868E-01 -4.85760285251E+01  2.68766146387E-01  0.00000000000E+00  4.78969962314E+01 -2.59265343686E-04
  1.17939977650E+00  4.62424124495E-01  1.89876728797E-01 -4.85646956168E+01  6.68140326765E-01  0.00000000000E+00  4.72438179278E+01 -4.36508883531E-04
  1.53992495271E+00  1.03553498675E+00  8.62859055278E-02 -4.84931639248E+01  1.44482211157E+00  0.00000000000E+00  4.59258977253E+01 -6.23195694104E-04
  1.94822820634E+00  2.09630960827E+00 -9.29862938979E-02 -4.82469423692E+01  2.77506439840E+00  0.00000000000E+00  4.34677728999E+01 -7.81756515515E-04
  2.40420022472E+00  3.90060035570E+00 -3.53292848353E-01 -4.76869529397E+01  4.78566754422E+00  0.00000000000E+00  3.93532264147E+01 -7.51473468632E-04
  2.90771893313E+00  6.74250200092E+00 -6.94907188509E-01 -4.66940964168E+01  7.44613926564E+00  0.00000000000E+00  3.31999703142E+01 -3.92024590219E-04
  3.45864952742E+00  1.09031621237E+01 -1.11351648486E+00 -4.52281962836E+01  1.04675549548E+01  0.00000000000E+00  2.49714710074E+01  4.75317431395E-04
  4.05684451016E+00  1.65731413418E+01 -1.60103538079E+00 -4.33720485055E+01  1.32787398635E+01  0.00000000000E+00  1.51230384960E+01  1.83581498245E-03
  4.70214373008E+00  2.37658155486E+01 -2.14655988948E+00 -4.13293413869E+01  1.51333992684E+01  0.00000000000E+00  4.58021364423E+00  3.52718498415E-03
  5.39437442498E+00  3.22526241566E+01 -2.73730933926E+00 -3.93677547363E+01  1.53303500090E+01  0.00000000000E+00 -5.47277221388E+00  5.13787618069E-03
  6.13335126797E+00  4.15521762223E+01 -3.35944178390E+00 -3.77309893176E+01  1.34576613280E+01  0.00000000000E+00 -1.39131311125E+01  6.27533631385E-03
  6.91887641707E+00  5.09891318531E+01 -3.99870133830E+00 -3.65617202529E+01  9.54671636499E+00  0.00000000000E+00 -1.99687900981E+01  6.63652878263E-03
  7.75073956820E+00  5.98112670568E+01 -4.64094828871E+00 -3.58691343442E+01  4.07005577664E+00  0.00000000000E+00 -2.33649680890E+01  6.27211152452E-03
  8.62871801149E+00  6.73287816906E+01 -5.27268103444E+00 -3.55480036338E+01 -2.20572893828E+00  0.00000000000E+00 -2.42969907617E+01  5.37732234660E-03
  9.55257669088E+00  7.30322155047E+01 -5.88163505938E+00 -3.54308407917E+01 -8.43602092084E+00  0.00000000000E+00 -2.32794882445E+01  4.23048823997E-03
  1.05220682671E+01  7.66572519436E+01 -6.45744045587E+00 -3.53451452499E+01 -1.38962672084E+01  0.00000000000E+00 -2.09555906037E+01  2.80842564963E-03
  1.15369331837E+01  7.81877890238E+01 -6.99220597897E+00 -3.51544100817E+01 -1.81021976302E+01  0.00000000000E+00 -1.79378593151E+01  1.11601782157E-03
  1.25968997369E+01  7.78100233217E+01 -7.48085769203E+00 -3.47751307422E+01 -2.08402623013E+01  0.00000000000E+00 -1.47144515038E+01 -6.78917635618E-04
  1.37016841480E+01  7.58413523350E+01 -7.92109257420E+00 -3.41739314033E+01 -2.21285589660E+01  0.00000000000E+00 -1.16196939579E+01 -1.92456637128E-03
  1.48509906395E+01  7.26574122413E+01 -8.31291273534E+00 -3.33544234990E+01 -2.21448521202E+01  0.00000000000E+00 -8.84710690887E+00 -1.88302203944E-03
  1.60445115142E+01  6.86329758179E+01 -8.65788707966E+00 -3.23421230057E+01 -2.11504914022E+01  0.00000000000E+00 -6.48259030157E+00 -1.15971258978E-04
  1.72819272378E+01  6.41030172915E+01 -8.95837077848E+00 -3.11720249735E+01 -1.94291465219E+01  0.00000000000E+00 -4.54061119815E+00  2.86381946077E-03
  1.85629065241E+01  5.93431457847E+01 -9.21682557980E+00 -2.98807875050E+01 -1.72454766637E+01  0.00000000000E+00 -2.99388051021E+00  6.17552600127E-03
  1.98871064241E+01  5.45647947738E+01 -9.43531917528E+00 -2.85025331243E+01 -1.48235963091E+01  0.00000000000E+00 -1.79480810236E+00  8.53806278866E-03
  2.12541724173E+01  4.99198930597E+01 -9.61534723421E+00 -2.70672424020E+01 -1.23386327674E+01  0.00000000000E+00 -8.89531238883E-01  9.13941715800E-03
  2.26637385072E+01  4.55103107305E+01 -9.75789773752E+00 -2.56006759983E+01 -9.91883526011E+00  0.00000000000E+00 -2.25358634161E-01  7.54310034573E-03
  2.41154273188E+01  4.13985060166E+01 -9.86351039029E+00 -2.41248541948E+01 -7.65021925561E+00  0.00000000000E+00  2.45136804329E-01  5.05898023713E-03
  2.56088502000E+01  3.76171725704E+01 -9.93222983070E+00 -2.26588918679E+01 -5.58579329289E+00  0.00000000000E+00  5.63907165344E-01  4.16474427730E-03
  2.71436073252E+01  3.41771527993E+01 -9.96355191663E+00 -2.12194030294E+01 -3.75558038190E+00  0.00000000000E+00  7.68401324365E-01  7.01879569002E-03
  2.87192878030E+01  3.10732642368E+01 -9.95665216375E+00 -1.98204526404E+01 -2.17504216292E+00  0.00000000000E+00  8.91828991433E-01  1.29462611979E-02
  3.03354697855E+01  2.82888064844E+01 -9.91115679090E+00 -1.84717873882E+01 -8.44669760921E-01  0.00000000000E+00  9.57714955116E-01  1.89074995305E-02
  3.19917205818E+01  2.58004589704E+01 -9.82772678422E+00 -1.71791942501E+01  2.50342930632E-01  0.00000000000E+00  9.78378818383E-01  2.22596851389E-02
  3.36875967735E+01  2.35833532975E+01 -9.70775750357E+00 -1.59481625730E+01  1.13085868939E+00  0.00000000000E+00  9.63596243970E-01  2.18881542758E-02
  3.54226443335E+01  2.16133720241E+01 -9.55326102016E+00 -1.47838484708E+01  1.81811768492E+00  0.00000000000E+00  9.24003367143E-01  1.83835852264E-02
  3.71963987476E+01  1.98666367568E+01 -9.36716017655E+00 -1.36892746892E+01  2.33644987672E+00  0.00000000000E+00  8.68252077809E-01  1.49038455750E-02
  3.90083851388E+01  1.83190935426E+01 -9.15281115230E+00 -1.26661127490E+01  2.70906249410E+00  0.00000000000E+00  8.03743101031E-01  1.29752364337E-02
  4.08581183947E+01  1.69472028784E+01 -8.91339572690E+00 -1.17147602949E+01  2.95563889151E+00  0.00000000000E+00  7.35935127232E-01  1.06208754040E-02
  4.27451032968E+01  1.57290852733E+01 -8.65277497074E+00 -1.08335286280E+01  3.09698131640E+00  0.00000000000E+00  6.65791064190E-01  5.55405516687E-03
  4.46688346538E+01  1.46455815604E+01 -8.37594428891E+00 -1.00205969978E+01  3.15098879055E+00  0.00000000000E+00  5.97188832496E-01 -2.78210328594E-03
  4.66287974361E+01  1.36797111110E+01 -8.08791568498E+00 -9.27373980080E+00  3.13226337538E+00  0.00000000000E+00  5.35855885356E-01 -1.38251140665E-02
  4.86244669144E+01  1.28157644733E+01 -7.79274080181E+00 -8.58859047776E+00  3.06051480183E+00  0.00000000000E+00  4.80111379744E-01 -2.49406247135E-02
  5.06553087997E+01  1.20393190229E+01 -7.49365412396E+00 -7.96092202116E+00  2.95395932469E+00  0.00000000000E+00  4.28594627619E-01 -3.27031699201E-02
  5.27207793864E+01  1.13372104607E+01 -7.19373674180E+00 -7.38603845947E+00  2.82919063720E+00  0.00000000000E+00  3.80000877770E-01 -3.33732256399E-02
  5.48203256983E+01  1.06983427370E+01 -6.89609208220E+00 -6.85984197597E+00  2.69778761822E+00  0.00000000000E+00  3.34935376098E-01 -2.48683268263E-02
  5.69533856359E+01  1.01138859576E+01 -6.60281969890E+00 -6.37975605023E+00  2.55909749750E+00  0.00000000000E+00  2.97764964647E-01 -1.18273293746E-02
  5.91193881275E+01  9.57578813337E+00 -6.31492195532E+00 -5.94178423413E+00  2.41053727922E+00  0.00000000000E+00  2.68484819431E-01 -1.89595742370E-03
  6.13177532820E+01  9.07689416421E+00 -6.03301500976E+00 -5.54079619488E+00  2.25716085502E+00  0.00000000000E+00  2.41459887142E-01  1.70370173846E-03
  6.35478925437E+01  8.61212894960E+00 -5.75805735947E+00 -5.17341561170E+00  2.10638298759E+00  0.00000000000E+00  2.14594271029E-01  1.63323705262E-03
  6.58092088505E+01  8.17828311723E+00 -5.49094352442E+00 -4.83703380758E+00  1.96099967858E+00  0.00000000000E+00  1.89022849305E-01  3.28313110420E-04
  6.81010967934E+01  7.77220565866E+00 -5.23243561855E+00 -4.52823919203E+00  1.82127727000E+00  0.00000000000E+00  1.65197973353E-01 -1.99390856324E-03
  7.04229427784E+01  7.39038846038E+00 -4.98356609241E+00 -4.24387621617E+00  1.69254399170E+00  0.00000000000E+00  1.42898091304E-01 -1.61176519586E-03
  7.27741251914E+01  7.03027036421E+00 -4.74485556463E+00 -3.98315319033E+00  1.57315433864E+00  0.00000000000E+00  1.25611452144E-01  1.02740004095E-03
  7.51540145638E+01  6.68914682603E+00 -4.51625193828E+00 -3.74412473867E+00  1.46012639107E+00  0.00000000000E+00  1.13411200778E-01  2.30774094130E-03
  7.75619737418E+01  6.36377092335E+00 -4.29759161087E+00 -3.52354560700E+00  1.35758688719E+00  0.00000000000E+00  1.02738443236E-01  2.95903590295E-03
  7.99973580565E+01  6.05173504712E+00 -4.08858492974E+00 -3.31946599673E+00  1.26910228170E+00  0.00000000000E+00  9.25145419936E-02  5.30094435281E-03
  8.24595154965E+01  5.75192510040E+00 -3.88855465269E+00 -3.13052840524E+00  1.19204324025E+00  0.00000000000E+00  8.26696472994E-02  7.55493001738E-03
  8.49477868829E+01  5.46375201234E+00 -3.69662883419E+00 -2.95507483000E+00  1.12229822786E+00  0.00000000000E+00  7.27417081167E-02  7.08828413528E-03
  8.74615060452E+01  5.18645802259E+00 -3.51194477905E+00 -2.79205918740E+00  1.06033731750E+00  0.00000000000E+00  6.33479922633E-02  6.13936589568E-03
  9.00000000000E+01  4.91924534338E+00 -3.33375724975E+00 -2.64080823964E+00  1.00688937557E+00  0.00000000000E+00  5.53679447297E-02  6.93717428192E-03
  9.25625891311E+01  4.66094977857E+00 -3.16159028326E+00 -2.50028443692E+00  9.58870220929E-01  0.00000000000E+00  4.99045577882E-02  7.84983710938E-03
  9.51485873713E+01  4.41013869771E+00 -2.99548268704E+00 -2.36858052293E+00  9.14767784224E-01  0.00000000000E+00  4.44280488252E-02  5.27132078443E-03
  9.77573023865E+01  4.16631269321E+00 -2.83591240846E+00 -2.24512877337E+00  8.76890010900E-01  0.00000000000E+00  3.85389455489E-02  7.00467832679E-04
  1.00388035761E+02  3.92960783118E+00 -2.68285200602E+00 -2.12989221777E+00  8.47053302166E-01  0.00000000000E+00  3.27267826594E-02 -3.35630778944E-03
  1.03040083183E+02  3.69998919029E+00 -2.53566773258E+00 -2.02273882380E+00  8.26419650795E-01  0.00000000000E+00  2.80843947172E-02 -3.91332057849E-03
  1.05712734635E+02  3.47671941270E+00 -2.39387039407E+00 -1.92279945233E+00  8.12367317569E-01  0.00000000000E+00  2.53657951378E-02 -2.21732099241E-03
  1.08405274585E+02  3.25881531972E+00 -2.25725683919E+00 -1.82876415117E+00  8.03124903063E-01  0.00000000000E+00  2.35275242722E-02 -5.53243297836E-04
  1.11116982174E+02  3.04602707369E+00 -2.12533772808E+00 -1.74010577449E+00  7.98804184631E-01  0.00000000000E+00  2.15869125516E-02  9.74668300808E-04
  1.13847131413E+02  2.83842595127E+00 -1.99761908365E+00 -1.65715120794E+00  7.98383233743E-01  0.00000000000E+00  2.12260834387E-02  3.26497686418E-03
  1.16594991374E+02  2.63568379300E+00 -1.87400119665E+00 -1.57977815862E+00  7.99604064436E-01  0.00000000000E+00  2.28718831079E-02  4.38038527622E-03
  1.19359826389E+02  2.43737900017E+00 -1.75456377977E+00 -1.50710810857E+00  8.04090226693E-01  0.00000000000E+00  2.44426950573E-02  4.24003358318E-03
  1.22140896245E+02  2.24324880851E+00 -1.63954038864E+00 -1.43854931552E+00  8.13447567012E-01  0.00000000000E+00  2.50792375344E-02  3.68590889149E-03
  1.24937456383E+02  2.05357328010E+00 -1.52930771473E+00 -1.37400103188E+00  8.27547668266E-01  0.00000000000E+00  2.51304758224E-02  2.94267757427E-03
  1.27748758094E+02  1.86918119006E+00 -1.42406618345E+00 -1.31356221387E+00  8.44676727205E-01  0.00000000000E+00  2.49930010578E-02  1.22252099914E-03
  1.30574048727E+02  1.69086717565E+00 -1.32390642081E+00 -1.25725697140E+00  8.65529611189E-01  0.00000000000E+00  2.49349209273E-02  1.68315553631E-04
  1.33412571882E+02  1.51912843603E+00 -1.22873726940E+00 -1.20532462646E+00  8.88646267887E-01  0.00000000000E+00  2.64500750485E-02  1.62883103100E-04
  1.36263567617E+02  1.35412983445E+00 -1.13819001782E+00 -1.15723591480E+00  9.12399905480E-01  0.00000000000E+00  2.87152189573E-02 -1.80973731929E-04
  1.39126272654E+02  1.19594890880E+00 -1.05224583294E+00 -1.11250962666E+00  9.37209712949E-01  0.00000000000E+00  3.09740101307E-02 -6.22827719364E-04
  1.41999920575E+02  1.04484994699E+00 -9.71081002570E-01 -1.07129800680E+00  9.62899721293E-01  0.00000000000E+00  3.43264250338E-02 -3.02916050522E-04
  1.44883742037E+02  9.01329421978E-01 -8.94742648423E-01 -1.03368968883E+00  9.87841871616E-01  0.00000000000E+00  3.91026095234E-02 -1.58434139061E-04
  1.47776964970E+02  7.66001526183E-01 -8.23308541305E-01 -9.99187561866E-01  1.01230852333E+00  0.00000000000E+00  4.33737110681E-02 -8.12342587268E-04
  1.50678814789E+02  6.39607138879E-01 -7.57076185069E-01 -9.67646340063E-01  1.03745267824E+00  0.00000000000E+00  4.63561907399E-02 -1.30651727371E-03
  1.53588514598E+02  5.22903652181E-01 -6.96337311809E-01 -9.39269296016E-01  1.06267264859E+00  0.00000000000E+00  4.90366571897E-02 -9.93649859463E-04
  1.56505285400E+02  4.16576618325E-01 -6.41232242204E-01 -9.14153155277E-01  1.08648701349E+00  0.00000000000E+00  5.15734595120E-02 -7.48306150914E-04
  1.59428346306E+02  3.21276862559E-01 -5.91853928163E-01 -8.92413119404E-01  1.10820327786E+00  0.00000000000E+00  5.42566704523E-02 -5.30236694388E-04
  1.62356914741E+02  2.37537326929E-01 -5.48402708999E-01 -8.73920586215E-01  1.12688469166E+00  0.00000000000E+00  5.73581873861E-02 -5.43089243806E-04
  1.65290206656E+02  1.65815075821E-01 -5.11168776456E-01 -8.58477813042E-01  1.14240412937E+00  0.00000000000E+00  6.07862438137E-02 -6.41140487891E-04
  1.68227436739E+02  1.06547061434E-01 -4.80477749228E-01 -8.45901585573E-01  1.15532554350E+00  0.00000000000E+00  6.38912661663E-02 -6.15463696881E-04
  1.71167818621E+02  6.01173330592E-02 -4.56618091582E-01 -8.36107659395E-01  1.16618021320E+00  0.00000000000E+00  6.63963592267E-02 -3.18454884420E-05
  1.74110565092E+02  2.67825794374E-02 -4.39681904622E-01 -8.28981298080E-01  1.17428121161E+00  0.00000000000E+00  6.81503019479E-02  5.50890295859E-04
  1.77054888307E+02  6.70633713465E-03 -4.29579783211E-01 -8.24578634478E-01  1.17930109558E+00  0.00000000000E+00  6.90447411271E-02  8.93756148817E-04
  1.80000000000E+02 -0.00000000000E+00 -4.26224784576E-01 -8.23118866392E-01  1.18087260504E+00  0.00000000000E+00  6.94003393297E-02  9.29293398170E-04
