 % Spectral simulation Chan180_S2
 % 
 % Paper: "Comparison of DNS databases of turbulent channel flow
 %         at Re_tau=180" by A.W. Vreman and J.G.M. Kuerten
 % 
 % Parameters:     H=1; nu=1/180; forcing=1
 % Domain:         4pi x  2  x 4pi/3
 % Resolution:     384 x 193 x 192
 % Averaging time: 200
 % Computed u_tau: 0.99990
 % 
 % Creation date of this datafile: 31th August 2013
 % 
 % Column 1: y+ (=180*y)
 % Column 2: Production           -2<v'v'>d<v>/dy
 % Column 3: Pressure strain       2<p'dv'/dy>
 % Column 4: Dissipation          -2nu<|grad v'|^2>
 % Column 5: Turbulent diffusion  -d<v'v'v'>/dy
 % Column 6: Pressure diffusion   -2d<p'v'>dy
 % Column 7: Viscous diffusion     nu*d^2 <v'v'>/dy^2
 % Column 8: Balance (sum)
  2.40951762792E-02  3.81574020446E-31 -9.59187747210E-02 -6.47443616834E-05 -2.25023096267E-07  9.58861435889E-02  9.78673624439E-05  2.66845502084E-07
  9.63742542534E-02 -3.34310121729E-27 -3.73374473514E-01 -1.00507132816E-03  2.23891144874E-07  3.72879167037E-01  1.50047027270E-03  3.16358997004E-07
  2.16817883069E-01  2.33197269092E-25 -8.02785104894E-01 -4.84077905273E-03 -3.38956910633E-07  8.00441437850E-01  7.18412313568E-03 -6.61917116675E-07
  3.85393817052E-01 -3.39938667613E-24 -1.33912011844E+00 -1.42799961706E-02 -1.51068988669E-06  1.33240306211E+00  2.09986353940E-02  7.22052820937E-08
  6.02056924348E-01 -3.49308759035E-23 -1.92783076055E+00 -3.19504237911E-02 -1.40270148819E-05  1.91341247210E+00  4.63811912823E-02 -1.54797381734E-06
  8.66749199004E-01  1.93847734084E-22 -2.51208510490E+00 -5.96813334141E-02 -6.99353151704E-05  2.48669192427E+00  8.51432181659E-02 -1.23119339925E-06
  1.17939977650E+00  1.01556261534E-21 -3.04014581946E+00 -9.80412435534E-02 -2.59722369105E-04  3.00173407873E+00  1.36709603112E-01 -3.10353784223E-06
  1.53992495271E+00 -4.25010368767E-21 -3.47156714753E+00 -1.46249133820E-01 -7.48131412649E-04  3.42055021838E+00  1.98011996053E-01 -2.19832394394E-06
  1.94822820634E+00 -3.26461032851E-22 -3.78106240021E+00 -2.02464080760E-01 -1.75200732524E-03  3.72123327906E+00  2.64042901635E-01 -2.30760150366E-06
  2.40420022472E+00  1.10257380598E-20 -3.95941967016E+00 -2.64355260115E-01 -3.38699284145E-03  3.89830144708E+00  3.28862140122E-01  1.66408811714E-06
  2.90771893313E+00  1.92585469034E-20 -4.01155343475E+00 -3.29787569468E-01 -5.37855779638E-03  3.95998210166E+00  3.86743269425E-01  5.80907020747E-06
  3.45864952742E+00  1.35974909123E-19 -3.95242654070E+00 -3.97438768845E-01 -6.64889697946E-03  3.92339314544E+00  4.33137192064E-01  1.61309717375E-05
  4.05684451016E+00 -1.75596699634E-19 -3.80197366708E+00 -4.67188742420E-01 -4.95668661042E-03  3.80890357883E+00  4.65245460576E-01  2.99433035972E-05
  4.70214373008E+00 -2.73303075422E-19 -3.58023872009E+00 -5.40183200380E-01  3.24249848806E-03  3.63510447038E+00  4.82125517167E-01  5.05655648861E-05
  5.39437442498E+00 -1.58902688643E-19 -3.30373613540E+00 -6.18561377316E-01  2.25065934823E-02  3.41545779437E+00  4.84398727161E-01  6.56022925896E-05
  6.13335126797E+00 -7.67368560340E-19 -2.98363125590E+00 -7.04930009781E-01  5.76563136209E-02  3.15726773149E+00  4.73705562636E-01  6.83420570886E-05
  6.91887641707E+00 -1.40796783508E-18 -2.62581012303E+00 -8.01733054104E-01  1.12595111194E-01  2.86288448153E+00  4.52108372701E-01  4.47882963337E-05
  7.75073956820E+00  8.40847541346E-19 -2.23241298832E+00 -9.10685627200E-01  1.88956098286E-01  2.53252695653E+00  4.21610695137E-01 -4.86556413604E-06
  8.62871801149E+00 -1.40888981657E-18 -1.80408987614E+00 -1.03240354085E+00  2.84886502934E-01  2.16760036801E+00  3.83918573207E-01 -8.79728345240E-05
  9.55257669088E+00 -1.22584473116E-19 -1.34219088803E+00 -1.16628205623E+00  3.94436088127E-01  1.77340587364E+00  3.40436109065E-01 -1.94873423693E-04
  1.05220682671E+01  1.05954169809E-18 -8.50303641015E-01 -1.31059781794E+00  5.07798006784E-01  1.36037153871E+00  2.92415253632E-01 -3.16659827109E-04
  1.15369331837E+01 -7.76760198594E-19 -3.34861407434E-01 -1.46276373416E+00  6.12474386270E-01  9.43591944773E-01  2.41132422969E-01 -4.26387576977E-04
  1.25968997369E+01  2.60437893674E-18  1.95137376236E-01 -1.61965578708E+00  6.95038532979E-01  5.40933258790E-01  1.88022168347E-01 -5.24450727270E-04
  1.37016841480E+01 -1.17438131716E-17  7.29006787090E-01 -1.77793355471E+00  7.43186272032E-01  1.70425427333E-01  1.34691807478E-01 -6.23260781926E-04
  1.48509906395E+01 -1.07516230472E-18  1.25545381085E+00 -1.93429392502E+00  7.47616107344E-01 -1.52321520754E-01  8.28018537581E-02 -7.43673821475E-04
  1.60445115142E+01  6.55785555124E-18  1.76358204456E+00 -2.08564657861E+00  7.03286290417E-01 -4.15977436133E-01  3.38799249349E-02 -8.75754830425E-04
  1.72819272378E+01  7.61389775329E-18  2.24367076575E+00 -2.22923384057E+00  6.09804834299E-01 -6.14418485589E-01 -1.08180677643E-02 -9.94793879167E-04
  1.85629065241E+01 -2.37064270273E-18  2.68764090758E+00 -2.36271417877E+00  4.71179472771E-01 -7.46739184997E-01 -5.03918131988E-02 -1.02479661714E-03
  1.98871064241E+01 -9.09616981116E-18  3.08923214788E+00 -2.48421743805E+00  2.94976354081E-01 -8.16595153512E-01 -8.43030721186E-02 -9.07161722695E-04
  2.12541724173E+01 -2.77909013805E-18  3.44410819750E+00 -2.59236379527E+00  9.12212513803E-02 -8.31195752422E-01 -1.12333570381E-01 -5.63669195448E-04
  2.26637385072E+01 -1.63357408424E-17  3.74988386390E+00 -2.68623949041E+00 -1.28916376347E-01 -8.00216653166E-01 -1.34528339066E-01 -1.69950932256E-05
  2.41154273188E+01  6.14302116451E-18  4.00592418253E+00 -2.76534516836E+00 -3.54350938761E-01 -7.34420455931E-01 -1.51154213004E-01  6.53406476479E-04
  2.56088502000E+01  2.33972672735E-17  4.21281079517E+00 -2.82952306556E+00 -5.75179325358E-01 -6.44149609395E-01 -1.62703754670E-01  1.25504018841E-03
  2.71436073252E+01 -2.95172413406E-18  4.37167343088E+00 -2.87889361616E+00 -7.83237448682E-01 -5.38064633040E-01 -1.69895462331E-01  1.58227067099E-03
  2.87192878030E+01 -1.31002396834E-17  4.48395155929E+00 -2.91384275492E+00 -9.72182769768E-01 -4.22967945687E-01 -1.73479480500E-01  1.47860841007E-03
  3.03354697855E+01  4.35802287865E-17  4.55176175355E+00 -2.93503615998E+00 -1.13711306326E+00 -3.04636611409E-01 -1.73952103564E-01  1.02381534020E-03
  3.19917205818E+01  1.09436953480E-17  4.57817316385E+00 -2.94335624006E+00 -1.27392706266E+00 -1.88730328402E-01 -1.71614828280E-01  5.44704451571E-04
  3.36875967735E+01  4.89775405717E-18  4.56720242635E+00 -2.93981180389E+00 -1.37923450753E+00 -8.09643644058E-02 -1.66827676217E-01  3.64074310569E-04
  3.54226443335E+01 -3.95159301522E-17  4.52367592032E+00 -2.92550315506E+00 -1.45116563985E+00  1.35668635817E-02 -1.59968049477E-01  6.05939507653E-04
  3.71963987476E+01 -1.67625225200E-17  4.45279710493E+00 -2.90153852129E+00 -1.49006803638E+00  9.13863661438E-02 -1.51442782365E-01  1.13413103695E-03
  3.90083851388E+01  1.00193724981E-18  4.35937222580E+00 -2.86894479594E+00 -1.49816897284E+00  1.51230891035E-01 -1.41799272125E-01  1.69007593730E-03
  4.08581183947E+01 -2.42973613676E-17  4.24745721636E+00 -2.82871360573E+00 -1.47860553272E+00  1.93537926682E-01 -1.31566794147E-01  2.10921044192E-03
  4.27451032968E+01 -4.49992548281E-18  4.12110876620E+00 -2.78185923409E+00 -1.43472396218E+00  2.18871001835E-01 -1.21001223827E-01  2.39534793202E-03
  4.46688346538E+01  2.79393291703E-17  3.98456416815E+00 -2.72934379679E+00 -1.37019004697E+00  2.27809062848E-01 -1.10251732403E-01  2.58765483203E-03
  4.66287974361E+01 -1.77048206665E-17  3.84157477377E+00 -2.67206254205E+00 -1.28946541467E+00  2.22041098825E-01 -9.94606752375E-02  2.62724064259E-03
  4.86244669144E+01  2.43880990470E-17  3.69441577669E+00 -2.61081751242E+00 -1.19765495626E+00  2.05301308795E-01 -8.88587787614E-02  2.38583804561E-03
  5.06553087997E+01  1.61977701610E-17  3.54416260099E+00 -2.54631358964E+00 -1.09925171845E+00  1.82154484934E-01 -7.87854937387E-02  1.96628410101E-03
  5.27207793864E+01  1.89111149959E-17  3.39221457165E+00 -2.47925997926E+00 -9.97077163324E-01  1.55112379272E-01 -6.94017469140E-02  1.58806142569E-03
  5.48203256983E+01 -5.27600805155E-17  3.24096817009E+00 -2.41032714823E+00 -8.92440642179E-01  1.24054242238E-01 -6.07453099400E-02  1.50931198234E-03
  5.69533856359E+01  2.47083370196E-18  3.09222298363E+00 -2.34008243896E+00 -7.86756239242E-01  8.93271684545E-02 -5.28903042983E-02  1.82116957765E-03
  5.91193881275E+01 -1.40836333844E-17  2.94637680720E+00 -2.26908083454E+00 -6.82908249844E-01  5.37390753681E-02 -4.57022705833E-02  2.42452760532E-03
  6.13177532820E+01  2.79375897448E-17  2.80322349636E+00 -2.19784725920E+00 -5.84200881146E-01  2.07054187588E-02 -3.90535790023E-02  2.82719577369E-03
  6.35478925437E+01 -3.38595055247E-17  2.66337169875E+00 -2.12683208593E+00 -4.92392175866E-01 -8.48422328334E-03 -3.29683824320E-02  2.69483123805E-03
  6.58092088505E+01 -9.85511333826E-18  2.52827616261E+00 -2.05640193266E+00 -4.07615964383E-01 -3.47970533074E-02 -2.75075372065E-02  1.95367505638E-03
  6.81010967934E+01 -3.07890978001E-18  2.39953124970E+00 -1.98680134315E+00 -3.28980206834E-01 -6.01832185791E-02 -2.27627400380E-02  8.03741103734E-04
  7.04229427784E+01  1.69245894920E-17  2.27804444669E+00 -1.91820343822E+00 -2.55759478980E-01 -8.56961673327E-02 -1.87896879434E-02 -4.04325779697E-04
  7.27741251914E+01  3.85326512033E-17  2.16336980517E+00 -1.85076895030E+00 -1.87228113575E-01 -1.11039014648E-01 -1.56061275818E-02 -1.27240093047E-03
  7.51540145638E+01  1.41015629910E-18  2.05466913433E+00 -1.78470571428E+00 -1.22743258845E-01 -1.35776483270E-01 -1.29877369847E-02 -1.54405905656E-03
  7.75619737418E+01  2.61563612454E-18  1.95168159417E+00 -1.72021475180E+00 -6.20869460642E-02 -1.59994082249E-01 -1.06174898208E-02 -1.23167577348E-03
  7.99973580565E+01 -1.77135536330E-17  1.85438447182E+00 -1.65739676036E+00 -5.48795139753E-03 -1.83741553001E-01 -8.38229905239E-03 -6.24091986148E-04
  8.24595154965E+01 -1.03607790050E-17  1.76239550247E+00 -1.59627708232E+00  4.67322120569E-02 -2.06456261963E-01 -6.32880553120E-03  6.55647058059E-05
  8.49477868829E+01 -2.43893723940E-18  1.67516451823E+00 -1.53686010820E+00  9.38657470345E-02 -2.27059126604E-01 -4.43944722044E-03  6.71583237348E-04
  8.74615060452E+01 -1.05822871580E-19  1.59205630553E+00 -1.47916280446E+00  1.34790699453E-01 -2.44228291231E-01 -2.54005834397E-03  9.15850942631E-04
  9.00000000000E+01  2.25613637997E-17  1.51245024722E+00 -1.42318748809E+00  1.69846641638E-01 -2.57711549260E-01 -6.91372891876E-04  7.06478615212E-04
  9.25625891311E+01  2.19977130025E-18  1.43572527025E+00 -1.36894874213E+00  2.01438828218E-01 -2.68635011419E-01  8.65593686957E-04  4.45938606699E-04
  9.51485873713E+01 -9.20470112937E-19  1.36163317777E+00 -1.31651778170E+00  2.31614072755E-01 -2.78240618907E-01  2.16559719226E-03  6.54447111412E-04
  9.77573023865E+01 -7.61137513780E-18  1.29040891741E+00 -1.26593494977E+00  2.60070750361E-01 -2.86663542002E-01  3.38704414367E-03  1.26822013651E-03
  1.00388035761E+02  2.19453162324E-17  1.22214978898E+00 -1.21716798302E+00  2.85482877665E-01 -2.93224689479E-01  4.55883921995E-03  1.79883336379E-03
  1.03040083183E+02 -3.53325108742E-18  1.15677698834E+00 -1.17015714984E+00  3.07869404146E-01 -2.98087854526E-01  5.55845046526E-03  1.95983858465E-03
  1.05712734635E+02  8.27805763672E-19  1.09425141720E+00 -1.12487992151E+00  3.28327572555E-01 -3.02234276261E-01  6.35727483548E-03  1.82206682153E-03
  1.08405274585E+02  9.19237266323E-18  1.03449000669E+00 -1.08132960310E+00  3.47385980663E-01 -3.06008921403E-01  6.99997930965E-03  1.53744215601E-03
  1.11116982174E+02 -2.89284622044E-18  9.76948771885E-01 -1.03949018814E+00  3.65216648315E-01 -3.08935840347E-01  7.47125813802E-03  1.21064985653E-03
  1.13847131413E+02 -1.35704834354E-17  9.21134841686E-01 -9.99370257997E-01  3.81862329710E-01 -3.10501153088E-01  7.78709549242E-03  9.12855803920E-04
  1.16594991374E+02  7.36956965914E-18  8.67055285983E-01 -9.60985584447E-01  3.97054799152E-01 -3.10622486445E-01  8.02271769039E-03  5.24731934926E-04
  1.19359826389E+02 -1.35429194413E-17  8.14585820208E-01 -9.24354126886E-01  4.10362241405E-01 -3.08878343761E-01  8.31411969560E-03  2.97106613598E-05
  1.22140896245E+02  1.28471568232E-18  7.63635165523E-01 -8.89452364384E-01  4.22077911890E-01 -3.05418770100E-01  8.67389770697E-03 -4.84159364879E-04
  1.24937456383E+02  6.45802171114E-18  7.14289039767E-01 -8.56261619783E-01  4.33307826125E-01 -3.01076923016E-01  9.00960010959E-03 -7.32076796456E-04
  1.27748758094E+02 -5.70733887708E-18  6.66469389836E-01 -8.24814552550E-01  4.44416612822E-01 -2.95974679601E-01  9.33601366753E-03 -5.67215824322E-04
  1.30574048727E+02 -1.95540412553E-17  6.20238208896E-01 -7.95120946381E-01  4.55124742250E-01 -2.89965943490E-01  9.65130331513E-03 -7.26354106291E-05
  1.33412571882E+02  6.54809717539E-18  5.75657140536E-01 -7.67160877103E-01  4.65169332707E-01 -2.82982789676E-01  9.90390811274E-03  5.86714576409E-04
  1.36263567617E+02  1.53645895177E-18  5.32526023799E-01 -7.40924010250E-01  4.74225254978E-01 -2.74697780735E-01  1.01069569394E-02  1.23644473237E-03
  1.39126272654E+02  5.87335555999E-18  4.91033831908E-01 -7.16408692669E-01  4.81779611089E-01 -2.65073070022E-01  1.02832335347E-02  1.61491384122E-03
  1.41999920575E+02  3.99884585097E-18  4.51576041064E-01 -6.93604169133E-01  4.87528851157E-01 -2.54373465046E-01  1.03749065001E-02  1.50216454288E-03
  1.44883742037E+02  4.28497101712E-19  4.14257955693E-01 -6.72513784698E-01  4.92025361944E-01 -2.43081275102E-01  1.03428866005E-02  1.03114443808E-03
  1.47776964970E+02 -1.11440860623E-17  3.78974244003E-01 -6.53159943254E-01  4.96034799367E-01 -2.31578930487E-01  1.02683695786E-02  5.38539207134E-04
  1.50678814789E+02 -3.26231665309E-18  3.45808425281E-01 -6.35560419898E-01  4.99624229100E-01 -2.19929284354E-01  1.02890832128E-02  2.32033341674E-04
  1.53588514598E+02 -9.04311544789E-18  3.15026006638E-01 -6.19697118944E-01  5.02507050158E-01 -2.08171506513E-01  1.04203979440E-02  8.48292829438E-05
  1.56505285400E+02 -1.41532588178E-17  2.86790665291E-01 -6.05525164631E-01  5.04745354863E-01 -1.96487711875E-01  1.05589128488E-02  8.20564960354E-05
  1.59428346306E+02  2.37792525602E-18  2.61169883992E-01 -5.93013072133E-01  5.06521320080E-01 -1.85130398353E-01  1.06251076825E-02  1.72841268703E-04
  1.62356914741E+02 -1.54150639605E-19  2.38244299631E-01 -5.82147189646E-01  5.07979238693E-01 -1.74397127004E-01  1.06214350066E-02  3.00656680621E-04
  1.65290206656E+02  2.61524866765E-18  2.18180864105E-01 -5.72921081463E-01  5.09197230112E-01 -1.64608943014E-01  1.05880821943E-02  4.36151934098E-04
  1.68227436739E+02 -1.59702426054E-18  2.01315589490E-01 -5.65340639681E-01  5.10176256373E-01 -1.56176212567E-01  1.05629830702E-02  5.37976684967E-04
  1.71167818621E+02 -7.71681257072E-18  1.88069690843E-01 -5.59418568457E-01  5.10935432453E-01 -1.49556528594E-01  1.05332753047E-02  5.63301549281E-04
  1.74110565092E+02 -4.42005228671E-18  1.78644798138E-01 -5.55175309743E-01  5.11627101605E-01 -1.45019028293E-01  1.04890318006E-02  5.66593507329E-04
  1.77054888307E+02 -1.13486026592E-17  1.73030793218E-01 -5.52623699138E-01  5.12223532588E-01 -1.42493645268E-01  1.04458181526E-02  5.82799553056E-04
  1.80000000000E+02  1.10287874476E-17  1.71173428221E-01 -5.51771135078E-01  5.12487663520E-01 -1.41717246126E-01  1.04246681351E-02  5.97378672661E-04
