 % Spectral simulation Chan180_S2
 % 
 % Paper: "Comparison of DNS databases of turbulent channel flow
 %         at Re_tau=180" by A.W. Vreman and J.G.M. Kuerten
 % 
 % Parameters:     H=1; nu=1/180; forcing=1
 % Domain:         4pi x  2  x 4pi/3
 % Resolution:     384 x 193 x 192
 % Averaging time: 200
 % Computed u_tau: 0.99990
 % 
 % Creation date of this datafile: 31th August 2013
 % 
 % Column 1: y+ (=180*y)
 % Column 2: Production           -2<v'w'>d<w>/dy
 % Column 3: Pressure strain       2<p'dw'/dz>
 % Column 4: Dissipation          -2nu<|grad w'|^2>
 % Column 5: Turbulent diffusion  -d<w'w'v'>/dy
 % Column 6: Pressure diffusion    0
 % Column 7: Viscous diffusion     nu*d^2 <w'w'>/dy^2
 % Column 8: Balance (sum)
  2.40951762792E-02 -4.77931670097E-14  8.15295776160E-02 -1.41391890146E+01  7.23756128043E-07  0.00000000000E+00  1.40573511509E+01 -3.07562303478E-04
  9.63742542534E-02 -3.41124467063E-12  3.18918740414E-01 -1.36648954949E+01 -2.04349541908E-05  0.00000000000E+00  1.33461194050E+01  1.22215585582E-04
  2.16817883069E-01 -4.47464664948E-11  6.91566026845E-01 -1.29228659456E+01 -2.24404481930E-04  0.00000000000E+00  1.22317572849E+01  2.32961557014E-04
  3.85393817052E-01 -2.88998148093E-10  1.16832872168E+00 -1.19725428150E+01 -1.28766181436E-03  0.00000000000E+00  1.08055649571E+01  6.32016177313E-05
  6.02056924348E-01 -1.23709720839E-09  1.71187675934E+00 -1.08827889835E+01 -4.92702920173E-03  0.00000000000E+00  9.17591365875E+00  7.44041709719E-05
  8.66749199004E-01 -4.00040601108E-09  2.28389625003E+00 -9.72163498481E+00 -1.45055477202E-02  0.00000000000E+00  7.45237723278E+00  1.32946270709E-04
  1.17939977650E+00 -1.04967303540E-08  2.85026909066E+00 -8.55170468946E+00 -3.52066806526E-02  0.00000000000E+00  5.73686220500E+00  2.19915055510E-04
  1.53992495271E+00 -2.33986534481E-08  3.38528124200E+00 -7.42941659017E+00 -7.35041415364E-02  0.00000000000E+00  4.11797844519E+00  3.38932086743E-04
  1.94822820634E+00 -4.58339179657E-08  3.87404869410E+00 -6.40618719924E+00 -1.35647712875E-01  0.00000000000E+00  2.66830059325E+00  5.14329412494E-04
  2.40420022472E+00 -8.11841071547E-08  4.31271251851E+00 -5.52834927695E+00 -2.25592429560E-01  0.00000000000E+00  1.44198483012E+00  7.55560942141E-04
  2.90771893313E+00 -1.33593009491E-07  4.70646062326E+00 -4.83427584042E+00 -3.42907562019E-01  0.00000000000E+00  4.71806901375E-01  1.08398860468E-03
  3.45864952742E+00 -2.09819530288E-07  5.06594302557E+00 -4.34889730531E+00 -4.81617146191E-01  0.00000000000E+00 -2.33964305843E-01  1.46405840022E-03
  4.05684451016E+00 -3.22766092001E-07  5.40300904786E+00 -4.07838513820E+00 -6.30448639992E-01  0.00000000000E+00 -6.92335956919E-01  1.83898997905E-03
  4.70214373008E+00 -4.96824422067E-07  5.72679860956E+00 -4.00796327425E+00 -7.74690462715E-01  0.00000000000E+00 -9.42058381174E-01  2.08599459751E-03
  5.39437442498E+00 -7.74405459771E-07  6.04104547467E+00 -4.10448862016E+00 -8.98875061379E-01  0.00000000000E+00 -1.03553061721E+00  2.15040151147E-03
  6.13335126797E+00 -1.22206722133E-06  6.34307303980E+00 -4.32293834347E+00 -9.89489374038E-01  0.00000000000E+00 -1.02855783018E+00  2.08627004422E-03
  6.91887641707E+00 -1.93164127234E-06  6.62451146133E+00 -4.61451475737E+00 -1.03694644708E+00  0.00000000000E+00 -9.70920827485E-01  2.12749775326E-03
  7.75073956820E+00 -3.00967954413E-06  6.87336127703E+00 -4.93398566477E+00 -1.03684296264E+00  0.00000000000E+00 -9.00049533213E-01  2.48010672128E-03
  8.62871801149E+00 -4.54748773700E-06  7.07677091058E+00 -5.24476777977E+00 -9.90361927923E-01  0.00000000000E+00 -8.38438603077E-01  3.19805232516E-03
  9.55257669088E+00 -6.57576644074E-06  7.22382594740E+00 -5.52124173770E+00 -9.03844763421E-01  0.00000000000E+00 -7.94674941312E-01  4.05792920796E-03
  1.05220682671E+01 -9.01882936591E-06  7.30774409689E+00 -5.74857992537E+00 -7.87352248521E-01  0.00000000000E+00 -7.67078885544E-01  4.72401862680E-03
  1.15369331837E+01 -1.16720828443E-05  7.32706738640E+00 -5.92099261918E+00 -6.52855506499E-01  0.00000000000E+00 -7.48389422182E-01  4.81816645802E-03
  1.25968997369E+01 -1.42079926211E-05  7.28572031579E+00 -6.03926233458E+00 -5.12304389784E-01  0.00000000000E+00 -7.29955095546E-01  4.18428789050E-03
  1.37016841480E+01 -1.62236528689E-05  7.19208578711E+00 -6.10812418555E+00 -3.75899176729E-01  0.00000000000E+00 -7.05011382698E-01  3.03481848098E-03
  1.48509906395E+01 -1.73149350965E-05  7.05745892449E+00 -6.13403952413E+00 -2.51109495257E-01  0.00000000000E+00 -6.70267847615E-01  2.02474255932E-03
  1.60445115142E+01 -1.71658643465E-05  6.89430503511E+00 -6.12379445211E+00 -1.42846663997E-01  0.00000000000E+00 -6.25701385566E-01  1.94536757446E-03
  1.72819272378E+01 -1.56512893071E-05  6.71470001274E+00 -6.08377971157E+00 -5.41778329690E-02  0.00000000000E+00 -5.73436540566E-01  3.29027634554E-03
  1.85629065241E+01 -1.29635718395E-05  6.52918467222E+00 -6.01967128855E+00  1.29173385529E-02  0.00000000000E+00 -5.16679006177E-01  5.73875247124E-03
  1.98871064241E+01 -9.63469318960E-06  6.34608702740E+00 -5.93627507174E+00  5.74676600660E-02  0.00000000000E+00 -4.58862345968E-01  8.40763506254E-03
  2.12541724173E+01 -6.33442536542E-06  6.17123903671E+00 -5.83767970530E+00  7.90090268948E-02  0.00000000000E+00 -4.02672699396E-01  9.88932448344E-03
  2.26637385072E+01 -3.59447322498E-06  6.00801387362E+00 -5.72747408678E+00  7.79772394243E-02  0.00000000000E+00 -3.49705301205E-01  8.80813059291E-03
  2.41154273188E+01 -1.66412851959E-06  5.85758620776E+00 -5.60869570698E+00  5.71331209526E-02  0.00000000000E+00 -3.01084167122E-01  4.93779048071E-03
  2.56088502000E+01 -4.90598520383E-07  5.71941903553E+00 -5.48385300879E+00  2.16856569103E-02  0.00000000000E+00 -2.57317998262E-01 -6.68052147024E-05
  2.71436073252E+01  1.47449044701E-07  5.59187848575E+00 -5.35479679455E+00 -2.27963854965E-02  0.00000000000E+00 -2.18508800764E-01 -4.22334761042E-03
  2.87192878030E+01  4.51356173025E-07  5.47270060447E+00 -5.22252295651E+00 -7.12337593475E-02  0.00000000000E+00 -1.85263817889E-01 -6.31947792088E-03
  3.03354697855E+01  5.58909709376E-07  5.35939503735E+00 -5.08801804473E+00 -1.20656630305E-01  0.00000000000E+00 -1.56946813322E-01 -6.22589210237E-03
  3.19917205818E+01  5.54038013329E-07  5.24955362037E+00 -4.95215231414E+00 -1.69073261090E-01  0.00000000000E+00 -1.32668984985E-01 -4.34038580472E-03
  3.36875967735E+01  4.60307855225E-07  5.14055507722E+00 -4.81525484493E+00 -2.14813401339E-01  0.00000000000E+00 -1.12687927445E-01 -2.20063617774E-03
  3.54226443335E+01  2.41611065981E-07  5.02958509984E+00 -4.67728340837E+00 -2.55952611531E-01  0.00000000000E+00 -9.78454543841E-02 -1.49613283907E-03
  3.71963987476E+01 -1.67953152619E-07  4.91436307162E+00 -4.53859535590E+00 -2.90333118183E-01  0.00000000000E+00 -8.79116006202E-02 -2.47717102881E-03
  3.90083851388E+01 -7.90139942602E-07  4.79343892650E+00 -4.40041180356E+00 -3.16365800692E-01  0.00000000000E+00 -8.06269038738E-02 -3.96637176883E-03
  4.08581183947E+01 -1.52050860879E-06  4.66593851054E+00 -4.26399397364E+00 -3.33526808034E-01  0.00000000000E+00 -7.30680437212E-02 -4.65183536821E-03
  4.27451032968E+01 -2.05776423510E-06  4.53166620455E+00 -4.12942430575E+00 -3.42320714758E-01  0.00000000000E+00 -6.47840749094E-02 -4.86494863528E-03
  4.46688346538E+01 -1.92848813392E-06  4.39138012076E+00 -3.99584499486E+00 -3.41877758057E-01  0.00000000000E+00 -5.83669210417E-02 -4.71148168958E-03
  4.66287974361E+01 -1.08239441248E-06  4.24634091121E+00 -3.86330478712E+00 -3.30992160362E-01  0.00000000000E+00 -5.51945977871E-02 -3.15171645088E-03
  4.86244669144E+01 -2.27689584636E-07  4.09832502512E+00 -3.73289399194E+00 -3.12253782632E-01  0.00000000000E+00 -5.34144813037E-02 -2.37458448194E-04
  5.06553087997E+01  2.80372164812E-08  3.94949152297E+00 -3.60547997064E+00 -2.90641391382E-01  0.00000000000E+00 -5.03910967320E-02  2.97909226145E-03
  5.27207793864E+01 -3.31939975968E-07  3.80152217014E+00 -3.48058729002E+00 -2.69153833177E-01  0.00000000000E+00 -4.64917297742E-02  5.28898523400E-03
  5.48203256983E+01 -1.26508046112E-06  3.65512391211E+00 -3.35790700889E+00 -2.49747943691E-01  0.00000000000E+00 -4.21058470605E-02  5.36184738633E-03
  5.69533856359E+01 -3.06029047115E-06  3.51059671527E+00 -3.23759360113E+00 -2.31535610162E-01  0.00000000000E+00 -3.73334855518E-02  4.13095814351E-03
  5.91193881275E+01 -5.76941857342E-06  3.36854514811E+00 -3.12020526962E+00 -2.13709945786E-01  0.00000000000E+00 -3.17829564491E-02  2.84120684014E-03
  6.13177532820E+01 -8.57598712599E-06  3.22979151340E+00 -3.00610793466E+00 -1.97064320951E-01  0.00000000000E+00 -2.55465905561E-02  1.06409124156E-03
  6.35478925437E+01 -1.07321449163E-05  3.09468566072E+00 -2.89460054464E+00 -1.79954736598E-01  0.00000000000E+00 -2.09427287848E-02 -8.23081446457E-04
  6.58092088505E+01 -1.19537572442E-05  2.96266736180E+00 -2.78549374600E+00 -1.58945710363E-01  0.00000000000E+00 -1.85364207616E-02 -3.20469079351E-04
  6.81010967934E+01 -1.19517530412E-05  2.83290436885E+00 -2.67954179690E+00 -1.36400998157E-01  0.00000000000E+00 -1.48029540806E-02  2.14666796392E-03
  7.04229427784E+01 -1.07571579413E-05  2.70552164572E+00 -2.57658957321E+00 -1.15260366748E-01  0.00000000000E+00 -9.70610996993E-03  3.95483863104E-03
  7.27741251914E+01 -8.79119937578E-06  2.58148575945E+00 -2.47648727114E+00 -9.53037447426E-02  0.00000000000E+00 -4.85372917793E-03  4.83222319667E-03
  7.51540145638E+01 -6.52495083812E-06  2.46158280395E+00 -2.37920028763E+00 -7.61754786144E-02  0.00000000000E+00 -1.31352959311E-03  4.88698315806E-03
  7.75619737418E+01 -4.35360531339E-06  2.34591001671E+00 -2.28465641337E+00 -5.95761389003E-02  0.00000000000E+00  1.49832352334E-03  3.17143435629E-03
  7.99973580565E+01 -2.62601734881E-06  2.23420045792E+00 -2.19256360583E+00 -4.55240425023E-02  0.00000000000E+00  3.21569723295E-03 -6.74119202990E-04
  8.24595154965E+01 -1.64715510234E-06  2.12615915023E+00 -2.10316827328E+00 -2.90465980607E-02  0.00000000000E+00  3.18852915374E-03 -2.86883911835E-03
  8.49477868829E+01 -1.50640509794E-06  2.02146431596E+00 -2.01717875962E+00 -8.21989618257E-03  0.00000000000E+00  3.21726540130E-03 -7.18580849758E-04
  8.74615060452E+01 -1.95855460320E-06  1.91988847353E+00 -1.93421926392E+00  1.47401014479E-02  0.00000000000E+00  3.69968021748E-03  4.10703272406E-03
  9.00000000000E+01 -2.54409737285E-06  1.82130700253E+00 -1.85386002035E+00  3.58335254144E-02  0.00000000000E+00  4.58546921375E-03  7.86343271129E-03
  9.25625891311E+01 -2.91343673236E-06  1.72586501301E+00 -1.77603449083E+00  5.33419792425E-02  0.00000000000E+00  5.59853392137E-03  8.76812191389E-03
  9.51485873713E+01 -3.03649976733E-06  1.63384950927E+00 -1.70104834206E+00  6.77898910450E-02  0.00000000000E+00  6.59251638987E-03  7.18053814136E-03
  9.77573023865E+01 -3.07714049701E-06  1.54550349105E+00 -1.62886208054E+00  8.05433916546E-02  0.00000000000E+00  7.08448445986E-03  4.26620947725E-03
  1.00388035761E+02 -3.10896440221E-06  1.46070221704E+00 -1.55938103727E+00  9.31706448605E-02  0.00000000000E+00  7.37931355098E-03  1.86802921910E-03
  1.03040083183E+02 -3.14119486668E-06  1.37889074424E+00 -1.49256535780E+00  1.06375666787E-01  0.00000000000E+00  7.69547805171E-03  3.93390083959E-04
  1.05712734635E+02 -3.23867554840E-06  1.29961897686E+00 -1.42836260155E+00  1.21041716516E-01  0.00000000000E+00  7.99628470408E-03  2.91137854209E-04
  1.08405274585E+02 -3.43168230285E-06  1.22276683250E+00 -1.36679943155E+00  1.36018030385E-01  0.00000000000E+00  8.96957270510E-03  9.51572363665E-04
  1.11116982174E+02 -3.72169053761E-06  1.14838895619E+00 -1.30765968554E+00  1.49828647547E-01  0.00000000000E+00  1.05283131342E-02  1.08250964854E-03
  1.13847131413E+02 -4.08666268239E-06  1.07648424196E+00 -1.25060641127E+00  1.63602056715E-01  0.00000000000E+00  1.18982054668E-02  1.37400621370E-03
  1.16594991374E+02 -4.66857959187E-06  1.00694591067E+00 -1.19566104357E+00  1.77263972419E-01  0.00000000000E+00  1.29130976524E-02  1.45726858968E-03
  1.19359826389E+02 -5.66054416799E-06  9.39977959559E-01 -1.14277541895E+00  1.91081655151E-01  0.00000000000E+00  1.31585530606E-02  1.43708827701E-03
  1.22140896245E+02 -7.01409442764E-06  8.75905223120E-01 -1.09228786997E+00  2.04434448626E-01  0.00000000000E+00  1.40657067671E-02  2.11049445132E-03
  1.24937456383E+02 -8.60650760278E-06  8.15018674964E-01 -1.04416146967E+00  2.15219172005E-01  0.00000000000E+00  1.58725524708E-02  1.94032326585E-03
  1.27748758094E+02 -1.03619156236E-05  7.57596793614E-01 -9.97902114257E-01  2.24480909262E-01  0.00000000000E+00  1.65700654174E-02  7.35292120538E-04
  1.30574048727E+02 -1.19066287006E-05  7.03668211914E-01 -9.53910985039E-01  2.33772097504E-01  0.00000000000E+00  1.66920266826E-02  2.09444432993E-04
  1.33412571882E+02 -1.26253044401E-05  6.53080128863E-01 -9.12602797943E-01  2.42610896087E-01  0.00000000000E+00  1.71613486019E-02  2.36950304604E-04
  1.36263567617E+02 -1.22613571858E-05  6.05663994025E-01 -8.73877415371E-01  2.50319209881E-01  0.00000000000E+00  1.79078775323E-02  1.40470948107E-06
  1.39126272654E+02 -1.11745461937E-05  5.61212001033E-01 -8.37450144666E-01  2.57507431658E-01  0.00000000000E+00  1.88738185234E-02  1.31932002351E-04
  1.41999920575E+02 -9.68383970297E-06  5.19504961506E-01 -8.03381853013E-01  2.65175298122E-01  0.00000000000E+00  2.01832644893E-02  1.47198726358E-03
  1.44883742037E+02 -7.73496479714E-06  4.80484692730E-01 -7.71774937272E-01  2.72692948153E-01  0.00000000000E+00  2.16225216429E-02  3.01749028955E-03
  1.47776964970E+02 -5.46247422228E-06  4.44334297301E-01 -7.42496537460E-01  2.78727652553E-01  0.00000000000E+00  2.25541990504E-02  3.11414897012E-03
  1.50678814789E+02 -3.37525427185E-06  4.11267759788E-01 -7.15534280735E-01  2.83774328038E-01  0.00000000000E+00  2.27286862252E-02  2.23311806278E-03
  1.53588514598E+02 -1.83264509398E-06  3.81311305171E-01 -6.90987383978E-01  2.88687395462E-01  0.00000000000E+00  2.24057441973E-02  1.41522820728E-03
  1.56505285400E+02 -8.56958074625E-07  3.54441576914E-01 -6.68919709226E-01  2.92923807336E-01  0.00000000000E+00  2.20824231879E-02  5.27241253388E-04
  1.59428346306E+02 -3.15026497412E-07  3.30684044171E-01 -6.49502292626E-01  2.96401626607E-01  0.00000000000E+00  2.21204643929E-02 -2.96472481663E-04
  1.62356914741E+02 -5.06763124461E-08  3.10158409368E-01 -6.32801434541E-01  2.99786240262E-01  0.00000000000E+00  2.23679398249E-02 -4.88895762638E-04
  1.65290206656E+02  2.93561355229E-08  2.92987912351E-01 -6.18885401797E-01  3.02912389793E-01  0.00000000000E+00  2.29137976282E-02 -7.12726682214E-05
  1.68227436739E+02 -3.48715737122E-08  2.79162159739E-01 -6.07668846646E-01  3.05518729662E-01  0.00000000000E+00  2.36497741171E-02  6.61782000248E-04
  1.71167818621E+02 -1.42326942508E-07  2.68548400739E-01 -5.98995353535E-01  3.07455733592E-01  0.00000000000E+00  2.43129688471E-02  1.32160731514E-03
  1.74110565092E+02 -1.51535447256E-07  2.61037106484E-01 -5.92646048379E-01  3.08614192730E-01  0.00000000000E+00  2.44057055488E-02  1.41080484827E-03
  1.77054888307E+02 -5.78391520289E-08  2.56548989993E-01 -5.88733233020E-01  3.09024229310E-01  0.00000000000E+00  2.42507244350E-02  1.09065287969E-03
  1.80000000000E+02 -0.00000000000E+00  2.55051356355E-01 -5.87416620529E-01  3.09044698566E-01  0.00000000000E+00  2.42054943880E-02  8.84928779654E-04
